{
  "accessors": [
    {
      "bufferView": 2,
      "componentType": 5126,
      "count": 62,
      "max": [
        300,
        298.3565673828125,
        4.9996452331542969
      ],
      "min": [
        -293.44427490234375,
        -298.3565673828125,
        0
      ],
      "type": "VEC3"
    },
    {
      "bufferView": 2,
      "byteOffset": 744,
      "componentType": 5126,
      "count": 62,
      "max": [
        1,
        0.99452197551727295,
        1
      ],
      "min": [
        -0.97814762592315674,
        -0.99452197551727295,
        -1
      ],
      "type": "VEC3"
    },
    {
      "bufferView": 1,
      "componentType": 5126,
      "count": 62,
      "max": [
        0.97999995946884155,
        0.97100430727005005
      ],
      "min": [
        0.019999999552965164,
        0.019999999552965164
      ],
      "type": "VEC2"
    },
    {
      "bufferView": 0,
      "componentType": 5125,
      "count": 180,
      "max": [
        61
      ],
      "min": [
        0
      ],
      "type": "SCALAR"
    },
    {
      "bufferView": 2,
      "byteOffset": 1488,
      "componentType": 5126,
      "count": 1266,
      "max": [
        275.19970703125,
        291.77786254882812,
        316.56817626953125
      ],
      "min": [
        -230.48873901367188,
        -304.93991088867188,
        -1.33514404296875e-05
      ],
      "type": "VEC3"
    },
    {
      "bufferView": 2,
      "byteOffset": 16680,
      "componentType": 5126,
      "count": 1266,
      "max": [
        0.9999890923500061,
        0.99629920721054077,
        1
      ],
      "min": [
        -0.99932515621185303,
        -0.99886089563369751,
        -1
      ],
      "type": "VEC3"
    },
    {
      "bufferView": 1,
      "byteOffset": 496,
      "componentType": 5126,
      "count": 1266,
      "max": [
        0.99221515655517578,
        0.9938921332359314
      ],
      "min": [
        0.018362469971179962,
        0.0064442157745361328
      ],
      "type": "VEC2"
    },
    {
      "bufferView": 1,
      "byteOffset": 10624,
      "componentType": 5126,
      "count": 1266,
      "max": [
        0.99221515655517578,
        0.9938921332359314
      ],
      "min": [
        0.018362469971179962,
        0.0064442157745361328
      ],
      "type": "VEC2"
    },
    {
      "bufferView": 1,
      "byteOffset": 20752,
      "componentType": 5126,
      "count": 1266,
      "max": [
        0.99221515655517578,
        0.9938921332359314
      ],
      "min": [
        0.018362469971179962,
        0.0064442157745361328
      ],
      "type": "VEC2"
    },
    {
      "bufferView": 0,
      "byteOffset": 720,
      "componentType": 5125,
      "count": 2736,
      "max": [
        1265
      ],
      "min": [
        0
      ],
      "type": "SCALAR"
    },
    {
      "bufferView": 2,
      "byteOffset": 31872,
      "componentType": 5126,
      "count": 2012,
      "max": [
        169.61041259765625,
        34.56317138671875,
        41.684307098388672
      ],
      "min": [
        -85.401039123535156,
        -27.957389831542969,
        -54.911209106445312
      ],
      "type": "VEC3"
    },
    {
      "bufferView": 2,
      "byteOffset": 56016,
      "componentType": 5126,
      "count": 2012,
      "max": [
        0.99999672174453735,
        1,
        1
      ],
      "min": [
        -1,
        -1,
        -1
      ],
      "type": "VEC3"
    },
    {
      "bufferView": 1,
      "byteOffset": 30880,
      "componentType": 5126,
      "count": 2012,
      "max": [
        0.99289590120315552,
        0.99515819549560547
      ],
      "min": [
        0.0041451756842434406,
        0.0086458250880241394
      ],
      "type": "VEC2"
    },
    {
      "bufferView": 0,
      "byteOffset": 11664,
      "componentType": 5125,
      "count": 5898,
      "max": [
        2011
      ],
      "min": [
        0
      ],
      "type": "SCALAR"
    },
    {
      "bufferView": 2,
      "byteOffset": 80160,
      "componentType": 5126,
      "count": 2002,
      "max": [
        169.61041259765625,
        34.56317138671875,
        42.504364013671875
      ],
      "min": [
        -85.401039123535156,
        -27.957389831542969,
        -55.73126220703125
      ],
      "type": "VEC3"
    },
    {
      "bufferView": 2,
      "byteOffset": 104184,
      "componentType": 5126,
      "count": 2002,
      "max": [
        0.99999672174453735,
        1,
        1
      ],
      "min": [
        -1,
        -1,
        -1
      ],
      "type": "VEC3"
    },
    {
      "bufferView": 1,
      "byteOffset": 46976,
      "componentType": 5126,
      "count": 2002,
      "max": [
        0.98981231451034546,
        0.99432992935180664
      ],
      "min": [
        0.0038443561643362045,
        0.0067386627197265625
      ],
      "type": "VEC2"
    },
    {
      "bufferView": 0,
      "byteOffset": 35256,
      "componentType": 5125,
      "count": 5898,
      "max": [
        2001
      ],
      "min": [
        0
      ],
      "type": "SCALAR"
    },
    {
      "bufferView": 2,
      "byteOffset": 128208,
      "componentType": 5126,
      "count": 54,
      "max": [
        264.12191772460938,
        258.64334106445312,
        203.60002136230469
      ],
      "min": [
        -222.2161865234375,
        -267.26284790039062,
        49.999984741210938
      ],
      "type": "VEC3"
    },
    {
      "bufferView": 2,
      "byteOffset": 128856,
      "componentType": 5126,
      "count": 54,
      "max": [
        1,
        0.38939750194549561,
        9.5730968041607412e-08
      ],
      "min": [
        -1,
        -0.46147409081459045,
        -0.69166678190231323
      ],
      "type": "VEC3"
    },
    {
      "bufferView": 1,
      "byteOffset": 62992,
      "componentType": 5126,
      "count": 54,
      "max": [
        0.98160767555236816,
        0.6528504490852356
      ],
      "min": [
        0.356610506772995,
        0.25121396780014038
      ],
      "type": "VEC2"
    },
    {
      "bufferView": 1,
      "byteOffset": 63424,
      "componentType": 5126,
      "count": 54,
      "max": [
        0.98160767555236816,
        0.6528504490852356
      ],
      "min": [
        0.356610506772995,
        0.25121396780014038
      ],
      "type": "VEC2"
    },
    {
      "bufferView": 1,
      "byteOffset": 63856,
      "componentType": 5126,
      "count": 54,
      "max": [
        0.98160767555236816,
        0.6528504490852356
      ],
      "min": [
        0.356610506772995,
        0.25121396780014038
      ],
      "type": "VEC2"
    },
    {
      "bufferView": 0,
      "byteOffset": 58848,
      "componentType": 5125,
      "count": 108,
      "max": [
        53
      ],
      "min": [
        0
      ],
      "type": "SCALAR"
    }
  ],
  "asset": {
    "extras": {
      "author": "Njan (https://sketchfab.com/Njan)",
      "license": "CC-BY-NC-4.0 (http://creativecommons.org/licenses/by-nc/4.0/)",
      "source": "https://sketchfab.com/3d-models/f1-diorama-af73567ea77948ec917b91c17dc9d3c9",
      "title": "F1 Diorama"
    },
    "generator": "Sketchfab-8.3.0",
    "version": "2.0"
  },
  "bufferViews": [
    {
      "buffer": 0,
      "byteLength": 59280,
      "byteOffset": 0,
      "name": "floatBufferViews",
      "target": 34963
    },
    {
      "buffer": 0,
      "byteLength": 64288,
      "byteOffset": 59280,
      "byteStride": 8,
      "name": "floatBufferViews",
      "target": 34962
    },
    {
      "buffer": 0,
      "byteLength": 129504,
      "byteOffset": 123568,
      "byteStride": 12,
      "name": "floatBufferViews",
      "target": 34962
    }
  ],
  "buffers": [
    {
      "byteLength": 253072,
      "uri": "scene.bin"
    }
  ],
  "images": [
    {
      "uri": "textures/Material_2_baseColor.png"
    },
    {
      "uri": "textures/Track_baseColor.png"
    },
    {
      "uri": "textures/Cars_baseColor.png"
    }
  ],
  "materials": [
    {
      "doubleSided": true,
      "emissiveFactor": [
        0,
        0,
        0
      ],
      "name": "Material_2",
      "pbrMetallicRoughness": {
        "baseColorFactor": [
          1,
          1,
          1,
          1
        ],
        "baseColorTexture": {
          "index": 0,
          "texCoord": 0
        },
        "metallicFactor": 0,
        "roughnessFactor": 0.89297135964975516
      }
    },
    {
      "alphaMode": "BLEND",
      "doubleSided": true,
      "name": "Track",
      "pbrMetallicRoughness": {
        "baseColorFactor": [
          1,
          1,
          1,
          1
        ],
        "baseColorTexture": {
          "index": 1,
          "texCoord": 0
        },
        "metallicFactor": 0,
        "roughnessFactor": 0.81299999999999994
      }
    },
    {
      "doubleSided": true,
      "emissiveFactor": [
        0,
        0,
        0
      ],
      "name": "Cars",
      "pbrMetallicRoughness": {
        "baseColorFactor": [
          1,
          1,
          1,
          1
        ],
        "baseColorTexture": {
          "index": 2,
          "texCoord": 0
        },
        "metallicFactor": 0,
        "roughnessFactor": 0.81299999999999994
      }
    }
  ],
  "meshes": [
    {
      "name": "Grpund_Material #2_0",
      "primitives": [
        {
          "attributes": {
            "NORMAL": 1,
            "POSITION": 0,
            "TEXCOORD_0": 2
          },
          "indices": 3,
          "material": 0,
          "mode": 4
        }
      ]
    },
    {
      "name": "Track_Track_0",
      "primitives": [
        {
          "attributes": {
            "NORMAL": 5,
            "POSITION": 4,
            "TEXCOORD_0": 6,
            "TEXCOORD_1": 7,
            "TEXCOORD_2": 8
          },
          "indices": 9,
          "material": 1,
          "mode": 4
        }
      ]
    },
    {
      "name": "RedBull V.2_Cars_0",
      "primitives": [
        {
          "attributes": {
            "NORMAL": 11,
            "POSITION": 10,
            "TEXCOORD_0": 12
          },
          "indices": 13,
          "material": 2,
          "mode": 4
        }
      ]
    },
    {
      "name": "Ferrari_Cars_0",
      "primitives": [
        {
          "attributes": {
            "NORMAL": 15,
            "POSITION": 14,
            "TEXCOORD_0": 16
          },
          "indices": 17,
          "material": 2,
          "mode": 4
        }
      ]
    },
    {
      "name": "Fence_Track_0",
      "primitives": [
        {
          "attributes": {
            "NORMAL": 19,
            "POSITION": 18,
            "TEXCOORD_0": 20,
            "TEXCOORD_1": 21,
            "TEXCOORD_2": 22
          },
          "indices": 23,
          "material": 1,
          "mode": 4
        }
      ]
    }
  ],
  "nodes": [
    {
      "children": [
        1
      ],
      "name": "RootNode (gltf orientation matrix)",
      "rotation": [
        -0.70710678118654746,
        -0,
        -0,
        0.70710678118654757
      ]
    },
    {
      "children": [
        2
      ],
      "name": "RootNode (model correction matrix)"
    },
    {
      "children": [
        3
      ],
      "matrix": [
        1,
        0,
        0,
        0,
        0,
        0,
        1,
        0,
        0,
        -1,
        0,
        0,
        0,
        0,
        0,
        1
      ],
      "name": "2218b4fb839c41a0a4a6a7ce7e91c3b9.fbx"
    },
    {
      "children": [
        4,
        6,
        8,
        11,
        14,
        17,
        20,
        22,
        24,
        26,
        28
      ],
      "name": "RootNode"
    },
    {
      "children": [
        5
      ],
      "matrix": [
        1,
        0,
        0,
        0,
        0,
        -8.7422776795520463e-08,
        0.99999999999999623,
        0,
        0,
        -0.99999999999999623,
        -8.7422776795520463e-08,
        0,
        0,
        0,
        0,
        1
      ],
      "name": "Grpund"
    },
    {
      "mesh": 0,
      "name": "Grpund_Material #2_0"
    },
    {
      "children": [
        7
      ],
      "matrix": [
        1,
        0,
        0,
        0,
        0,
        2.2204460492503131e-16,
        -1,
        0,
        0,
        1,
        2.2204460492503131e-16,
        0,
        0.19419479370117188,
        0,
        -6.2967376708984375,
        1
      ],
      "name": "Track"
    },
    {
      "mesh": 1,
      "name": "Track_Track_0"
    },
    {
      "children": [
        9
      ],
      "matrix": [
        -0.087154290317745131,
        -4.9377597063009776e-17,
        0.99619482516183055,
        0,
        -4.3545057730842849e-08,
        0.999999999999999,
        -3.8096348807902524e-09,
        0,
        -0.99619482516182967,
        -4.3711387197243812e-08,
        -0.087154290317745131,
        0,
        104.09049987792969,
        2.9000000953674316,
        -117.17997741699219,
        1
      ],
      "name": "RedBull V.2"
    },
    {
      "children": [
        10
      ],
      "matrix": [
        0.99999999999769029,
        -1.9110453169918354e-06,
        -9.8347677527892447e-07,
        0,
        1.9110453101880733e-06,
        0.99999999999817391,
        -6.9190104267754077e-09,
        0,
        9.8347678849967094e-07,
        6.9171309580803514e-09,
        0.99999999999951639,
        0,
        -43.277416229248047,
        27.929376602172852,
        6.6134910583496094,
        1
      ],
      "name": ""
    },
    {
      "mesh": 2,
      "name": "RedBull V.2_Cars_0"
    },
    {
      "children": [
        12
      ],
      "matrix": [
        1,
        0,
        0,
        0,
        0,
        1,
        0,
        0,
        0,
        0,
        1,
        0,
        17.617107391357422,
        280.749267578125,
        -23.815828323364258,
        1
      ],
      "name": "Sky001"
    },
    {
      "children": [
        13
      ],
      "matrix": [
        1,
        0,
        0,
        0,
        0,
        2.2204460492503131e-16,
        1,
        0,
        0,
        -1,
        2.2204460492503131e-16,
        0,
        0,
        0,
        0,
        1
      ],
      "name": ""
    },
    {
      "name": ""
    },
    {
      "children": [
        15
      ],
      "matrix": [
        0.087157157702417609,
        -6.0999319233257304e-17,
        0.99619457429823211,
        0,
        -4.3545046679294131e-08,
        0.999999999999999,
        3.8097603214304468e-09,
        0,
        -0.99619457429823122,
        -4.3711387120619399e-08,
        0.087157157702417498,
        0,
        -35.645278930664062,
        2.9000000953674316,
        85.199813842773438,
        1
      ],
      "name": "Ferrari"
    },
    {
      "children": [
        16
      ],
      "matrix": [
        0.99999999999769029,
        -1.9110453169918354e-06,
        -9.8347677527892447e-07,
        0,
        1.9110453101880733e-06,
        0.99999999999817391,
        -6.9190104267754077e-09,
        0,
        9.8347678849967094e-07,
        6.9171309580803514e-09,
        0.99999999999951639,
        0,
        -43.277416229248047,
        27.929376602172852,
        6.6134910583496094,
        1
      ],
      "name": ""
    },
    {
      "mesh": 3,
      "name": "Ferrari_Cars_0"
    },
    {
      "children": [
        18
      ],
      "matrix": [
        -0.42261832896100282,
        -1.4901161082825354e-08,
        0.90630775569130451,
        0,
        -0.640856295230668,
        0.7071068574449868,
        -0.29883624448432977,
        0,
        -0.64085642455189007,
        -0.70710670492809991,
        -0.29883632803976923,
        0,
        -474.8404541015625,
        468.9893798828125,
        54.8568115234375,
        1
      ],
      "name": "FDirect001"
    },
    {
      "children": [
        19
      ],
      "matrix": [
        1,
        0,
        0,
        0,
        0,
        2.2204460492503131e-16,
        1,
        0,
        0,
        -1,
        2.2204460492503131e-16,
        0,
        0,
        0,
        0,
        1
      ],
      "name": ""
    },
    {
      "name": ""
    },
    {
      "children": [
        21
      ],
      "matrix": [
        -0.92541662439969419,
        -0.17364799050034749,
        -0.33682405893859019,
        0,
        -0.16317573793046938,
        0.9848077860147082,
        -0.059391103337583642,
        0,
        0.34202010150797041,
        3.0184188481996443e-16,
        -0.93969263600630493,
        0,
        219.00091552734375,
        70.655647277832031,
        -8.1926183700561523,
        1
      ],
      "name": "Camera001"
    },
    {
      "name": ""
    },
    {
      "children": [
        23
      ],
      "matrix": [
        1,
        0,
        0,
        0,
        0,
        2.2204460492503131e-16,
        -1,
        0,
        0,
        1,
        2.2204460492503131e-16,
        0,
        0.018310546875,
        0,
        -6.4517059326171875,
        1
      ],
      "name": "Fence"
    },
    {
      "mesh": 4,
      "name": "Fence_Track_0"
    },
    {
      "children": [
        25
      ],
      "matrix": [
        -0.98872756387041139,
        1.231653667943533e-16,
        -0.14972576412522207,
        0,
        -0.029794858787417298,
        0.98000026049298694,
        0.19675303256497875,
        0,
        0.14673128784522918,
        0.19899620457103631,
        -0.96895327014959953,
        0,
        75.418548583984375,
        102.28224182128906,
        -498.033203125,
        1
      ],
      "name": "Camera002"
    },
    {
      "name": ""
    },
    {
      "children": [
        27
      ],
      "matrix": [
        -0.86800108804406739,
        -1.1102230246251565e-16,
        0.49656229332714685,
        0,
        0.16715404629718425,
        0.9416396788314545,
        0.2921887062442251,
        0,
        -0.46758275840838504,
        0.33662251150241762,
        -0.8173442657711687,
        0,
        -149.80584716796875,
        102.28224182128906,
        -351.3731689453125,
        1
      ],
      "name": "Camera003"
    },
    {
      "name": ""
    },
    {
      "children": [
        29
      ],
      "matrix": [
        0.98559911079455609,
        1.3877787807814457e-17,
        -0.16909876640880744,
        0,
        -0.038607260830769791,
        0.97358804215164185,
        -0.22502400669812514,
        0,
        0.16463253691820867,
        0.22831190109000662,
        0.95956750862487095,
        0,
        73.754302978515625,
        102.28224182128906,
        429.8800048828125,
        1
      ],
      "name": "Camera004"
    },
    {
      "name": ""
    }
  ],
  "samplers": [
    {
      "magFilter": 9729,
      "minFilter": 9987,
      "wrapS": 10497,
      "wrapT": 10497
    }
  ],
  "scene": 0,
  "scenes": [
    {
      "name": "OSG_Scene",
      "nodes": [
        0
      ]
    }
  ],
  "textures": [
    {
      "sampler": 0,
      "source": 0
    },
    {
      "sampler": 0,
      "source": 1
    },
    {
      "sampler": 0,
      "source": 2
    }
  ]
}

